Region;Display_Name;Population;Lat;Long;25.02.2020;26.02.2020;27.02.2020;28.02.2020;29.02.2020;01.03.2020;02.03.2020;03.03.2020;04.03.2020;05.03.2020;06.03.2020;07.03.2020;08.03.2020;09.03.2020;10.03.2020;11.03.2020;12.03.2020;13.03.2020;14.03.2020;15.03.2020;16.03.2020;17.03.2020;18.03.2020;19.03.2020;20.03.2020;21.03.2020;22.03.2020;23.03.2020;24.03.2020;25.03.2020;26.03.2020;27.03.2020;28.03.2020;29.03.2020;30.03.2020;31.03.2020;01.04.2020;02.04.2020;03.04.2020;04.04.2020;05.04.2020;06.04.2020;07.04.2020;08.04.2020;09.04.2020;10.04.2020;11.04.2020;12.04.2020;13.04.2020;14.04.2020;15.04.2020;16.04.2020;17.04.2020;18.04.2020;19.04.2020;20.04.2020;21.04.2020;22.04.2020;23.04.2020;24.04.2020;25.04.2020;26.04.2020;27.04.2020;28.04.2020;29.04.2020;30.04.2020;Today;Region_Total;FHM_Today;Diff;Region_Deaths;FHM_Deaths_Today;At_Hospital;At_ICU;Hospital_Total;ICU_Capacity_2017;FHM_ICU_Est
Region Blekinge;Blekinge;159606;56.16156;15.58661;0;0;0;0;0;0;0;0;0;0;0;0;0;0;0;1;5;2;0;0;2;1;0;0;1;0;0;0;0;0;3;0;0;2;4;0;5;1;3;0;1;5;1;0;2;0;2;1;0;0;1;0;0;0;0;0;1;4;6;2;7;0;1;0;3;6;0;73;73;0;2;0;3;0;3;6;18
Region Dalarna;Dalarna;287966;60.602778;15.656111;0;0;0;0;0;0;0;0;0;0;0;0;0;0;0;1;3;0;0;0;2;0;2;5;2;1;0;9;5;10;14;8;14;6;11;9;23;18;7;13;14;21;17;25;29;27;17;12;20;23;17;31;19;13;35;13;16;34;34;32;28;45;15;11;34;53;0;798;784;-14;90;0;37;14;51;14;30
Region Gotland;Gotland;59686;57.628889;18.307222;0;0;0;0;0;0;0;0;0;0;0;0;0;0;0;0;2;0;0;0;0;0;2;0;1;0;0;0;0;0;4;0;2;0;0;0;1;0;1;1;0;1;0;0;1;0;0;0;0;0;2;1;0;0;0;0;0;0;3;2;2;2;0;6;5;5;0;44;46;2;3;0;0;2;2;2;6
Region Gävleborg;Gävleborg;287382;60.674722;17.144444;0;0;0;0;0;0;0;0;0;1;1;0;0;0;0;1;2;0;1;1;1;1;4;2;2;3;4;0;3;5;7;5;9;13;9;11;15;30;16;30;0;5;12;14;19;18;18;10;17;11;15;19;22;16;29;9;17;15;24;8;16;23;6;14;13;20;0;567;571;4;55;0;28;17;45;16;30
Region Halland;Halland;333848;56.658333;12.900278;0;0;0;0;0;0;0;0;0;0;0;0;0;5;4;7;15;9;0;0;3;1;5;1;4;1;3;5;1;2;11;4;0;6;5;11;1;4;10;8;1;9;10;13;13;3;8;0;6;3;6;6;13;7;7;10;10;17;20;11;1;0;13;32;4;18;0;367;366;-1;34;0;23;7;30;13;30
Region Jämtland Härjedalen;Jämtland;130810;63.158056;14.679167;0;0;0;0;0;0;0;0;0;0;0;0;0;0;1;4;3;3;3;2;5;1;2;3;4;15;0;10;3;4;3;2;3;6;7;2;0;4;1;0;4;2;8;4;4;8;7;2;3;7;20;15;15;20;6;5;0;13;15;13;2;23;0;6;3;49;0;345;322;-23;11;0;8;4;12;7;13
Region Jönköpings län;Jönköping;363599;57.78145;14.15618;1;0;0;1;0;0;0;1;0;0;5;0;0;2;0;3;13;7;5;0;4;1;1;2;2;3;4;1;3;6;5;9;15;9;6;17;16;13;32;12;24;10;21;16;25;22;19;4;10;5;12;28;22;33;39;16;17;37;33;44;25;19;2;30;17;43;0;772;772;0;69;0;38;21;59;15;40
Region Kalmar län;Kalmar län;245446;56.669444;16.321667;0;0;0;0;0;0;0;0;0;0;0;0;0;0;2;0;2;1;0;2;0;0;1;1;1;1;1;2;1;3;3;4;3;2;1;3;4;4;5;0;2;6;2;4;2;1;1;3;2;10;2;2;5;2;3;4;10;7;13;9;2;1;6;5;4;12;0;167;167;0;12;0;27;5;32;11;25
Region Kronoberg;Kronoberg;201469;56.889167;14.802778;0;0;0;0;0;0;0;0;0;0;0;0;0;0;1;7;2;2;0;1;2;2;0;2;0;0;0;0;0;1;3;0;5;1;4;1;5;1;7;3;1;2;7;10;8;4;16;0;0;5;8;11;18;16;8;11;9;14;13;26;14;8;4;21;13;14;0;311;306;-5;24;0;16;5;21;8;20
Region Norrbotten;Norrbotten;250093;65.584819;22.1567026;0;0;0;0;0;0;0;0;0;0;0;0;0;1;1;3;1;0;2;0;0;2;0;3;4;5;0;0;3;10;5;3;0;1;9;6;6;5;8;0;2;9;12;15;12;5;6;1;3;13;8;3;13;12;4;0;10;4;5;15;8;0;2;11;1;7;9;268;245;-23;33;0;18;11;29;17;25
Region Skåne;Skåne;1377827;55.6087551;13.0004841;0;0;0;0;0;0;0;1;1;7;5;3;5;0;3;35;38;33;44;22;9;3;0;7;4;3;5;3;7;8;10;8;10;2;5;3;7;8;8;25;11;6;6;26;14;10;25;6;14;9;22;17;19;11;16;6;9;16;17;17;39;12;24;33;35;37;33;822;783;-39;71;0;57;22;79;54;160
Region Stockholm;Stockholm;2377081;59.334591;18.06324;0;0;1;2;1;0;1;10;16;28;21;21;14;32;60;26;34;41;33;18;18;33;36;55;105;55;99;56;143;111;146;95;227;119;149;173;245;215;223;187;167;127;136;298;254;230;144;192;178;231;184;216;181;264;175;166;197;212;280;286;181;142;88;244;213;198;0;8033;8033;0;1406;0;756;195;951;90;250
Region Sörmland;Sörmland;297540;58.7556833;16.9947833;0;0;0;0;0;0;0;0;0;0;0;0;0;1;1;5;4;6;8;3;5;0;4;1;5;4;6;11;2;19;29;12;33;1;43;36;37;59;63;14;12;28;26;61;29;29;42;22;7;26;17;66;54;23;18;12;14;46;60;53;24;8;3;15;69;39;0;1215;1215;0;165;0;73;24;97;14;30
Region Uppsala;Uppsala;383713;59.85882;17.63889;0;0;1;1;0;0;0;0;0;2;1;0;1;2;0;3;14;0;11;2;8;0;6;15;6;1;3;5;11;9;15;12;20;7;4;23;11;37;16;27;19;15;24;46;44;9;6;12;16;22;30;42;37;28;25;25;35;30;32;42;49;13;8;47;39;23;41;1033;988;-45;98;0;76;18;94;25;40
Region Värmland;Värmland;282414;59.3875;13.51;0;0;0;0;0;0;0;0;2;3;8;0;7;1;1;2;3;2;1;0;1;3;0;2;0;1;2;1;2;3;0;0;1;2;1;1;0;2;1;0;2;1;2;7;1;4;3;2;4;3;2;6;4;3;4;4;6;7;6;2;4;5;2;10;21;8;9;185;179;-6;10;0;24;8;32;13;30
Region Västerbotten;Västerbotten;271736;63.828333;20.270556;0;0;0;0;0;0;0;0;0;0;0;0;0;5;0;3;0;1;2;2;0;5;1;4;4;2;0;1;0;3;6;3;0;5;3;5;8;7;12;15;17;12;5;14;12;12;12;1;1;4;5;14;14;10;8;3;3;5;5;19;9;10;4;3;4;19;4;326;322;-4;15;0;10;10;20;21;25
Region Västernorrland;Västernorrland;245347;62.632222;17.938056;0;0;0;0;0;0;0;0;0;0;0;0;0;0;6;0;3;1;1;0;1;1;0;1;1;0;0;0;2;2;2;4;0;2;9;10;9;2;1;3;5;3;9;5;7;2;8;0;5;6;6;4;3;5;2;9;2;12;5;17;16;5;17;9;8;7;0;238;235;-3;39;0;22;11;33;13;25
Region Västmanland;Västmanland;275845;59.60746;16.55215;0;0;0;0;0;0;0;0;0;0;0;0;0;0;0;4;1;0;6;3;1;1;2;1;2;0;1;1;4;2;8;5;8;13;7;9;9;21;25;23;6;9;49;23;23;22;35;15;23;16;25;27;32;38;22;14;37;16;31;32;19;24;14;13;27;17;0;766;766;0;96;0;26;6;32;9;30
Västra Götalandsregionen;Västra Götaland;1725881;57.70887;11.97456;0;1;3;0;1;1;0;3;2;1;2;0;12;7;15;37;31;18;21;4;17;3;20;8;21;14;8;4;11;10;22;20;13;21;21;27;28;30;52;28;24;44;69;56;97;75;80;36;46;42;65;71;74;89;37;36;79;110;78;141;79;93;43;111;79;168;0;2459;2459;0;209;0;245;88;333;115;180
Region Örebro län;Örebro;304805;59.266944;15.196389;0;0;0;0;0;0;0;0;1;0;0;0;3;0;1;2;1;0;1;4;2;10;0;2;6;8;1;5;10;1;8;2;7;2;33;21;8;16;17;45;17;13;28;19;32;8;36;15;10;44;23;44;58;26;52;0;8;70;33;49;44;22;15;51;47;41;0;1022;1013;-9;62;0;74;19;93;22;30
Region Östergötland;Östergötland;465495;58.409444;15.625556;0;0;0;0;0;0;0;0;0;0;0;0;0;1;0;0;10;6;5;5;8;7;13;33;33;17;8;15;29;23;20;18;21;39;63;44;46;81;52;0;98;24;53;77;55;44;31;12;34;24;18;42;30;36;31;21;19;49;30;24;26;31;8;35;7;20;20;1496;1440;-56;108;0;57;31;88;31;50
;Okänt;;;;0;0;0;0;0;0;0;0;0;0;0;0;0;0;0;0;0;0;0;0;0;0;0;0;0;0;0;0;0;;;;;;;;;;;;;;;;;;;;;;;;;0;;;;;;;;;;;;;;0;0;0;0;;0;0;0;;
Todays_Total;;;;;1;1;5;4;2;1;1;15;22;42;43;24;42;57;96;144;187;132;144;69;89;75;99;148;208;134;145;129;240;232;324;214;391;259;394;412;484;558;560;434;427;352;497;733;683;533;516;346;399;504;488;665;633;652;521;364;499;718;743;844;595;486;275;707;646;804;116;;;;;;;;;;
Total;;;;;1;2;7;11;13;14;15;30;52;94;137;161;203;260;356;500;687;819;963;1032;1121;1196;1295;1443;1651;1785;1930;2059;2299;2531;2855;3069;3460;3719;4113;4525;5009;5567;6127;6561;6988;7340;7837;8570;9253;9786;10302;10648;11047;11551;12039;12704;13337;13989;14510;14874;15373;16091;16834;17678;18273;18759;19034;19741;20387;21191;21307;;21085;-222;;2612;1618;518;;516;1087
